#random_numbers
63
70
95
27
11
31
16
7
79
42
38
23
10
31
55
35
33
17
17
65
20
24
6
92
34
76
36
88
38
72
86
14
95
59
76
29
3
39
45
6
66
36
18
55
89
79
19
15
18
99
23
37
10
95
82
42
0
81
22
98
50
62
91
95
81
95
52
62
5
29
59
26
40
58
90
64
10
40
24
63
79
7
10
81
98
51
64
99
12
68
58
5
36
22
62
0
8
70
98
37
83
21
42
39
53
24
67
84
60
0
63
34
20
70
19
2
91
16
71
68
40
93
39
35
92
9
89
42
15
7
43
49
11
52
99
33
87
93
54
2
7
29
34
14
46
20
1
39
85
2
38
52
47
40
85
29
21
50
99
12
31
89
0
32
30
36
87
71
47
60
38
14
75
14
90
35
38
56
58
26
0
60
92
7
58
0
44
38
83
8
85
27
55
61
45
69
91
69
75
12
24
46
46
98
17
87
89
46
70
18
27
23
57
86
23
39
89
29
26
40
36
33
43
58
85
69
2
96
80
58
74
19
35
53
59
40
87
1
48
57
86
71
60
33
35
21
48
39
36
12
71
81
12
45
4
19
36
10
77
80
93
2
27
65
82
70
30
77
19
42
26
80
88
59
76
39
43
12
70
34
56
66
26
99
52
56
3
62
5
90
47
44
4
33
61
13
37
1
6
23
43
82
17
84
21
95
6
20
63
29
21
59
16
40
35
28
95
44
58
88
31
43
74
57
90
58
30
71
64
85
52
12
88
21
98
97
49
16
85
32
64
0
68
36
42
42
5
17
17
31
58
19
90
3
17
63
70
72
94
9
73
1
6
32
53
22
31
98
38
19
92
16
79
20
12
80
84
15
42
99
3
40
0
0
63
86
62
46
42
64
15
56
18
89
16
48
43
45
58
71
50
88
84
65
76
1
36
71
11
13
90
42
97
23
79
97
15
42
3
61
97
45
66
3
6
89
45
70
92
72
83
31
92
79
8
34
80
32
60
39
7
62
48
75
32
95
35
13
30
21
25
91
76
13
92
92
6
51
32
88
70
97
30
38
1
12
77
12
72
60
76
32
25
93
95
31
35
94
87
79
16
69
92
56
90
93
33
13
62
91
35
36
3
42
72
67
51
93
66
64
87
87
54
72
90
66
91
34
57
11
61
10
30
51
46
78
4
9
2
42
51
94
64
9
75
88
88
90
95
27
73
96
44
15
4
18
55
0
56
38
23
30
27
69
44
53
22
15
94
77
59
59
16
24
61
88
43
92
53
35
8
81
44
13
4
46
11
23
57
62
30
26
81
29
34
8
10
79
94
90
62
14
77
58
86
57
47
92
47
62
67
58
55
51
69
24
51
47
81
84
0
41
31
39
15
37
77
44
3
79
16
69
35
56
32
10
54
99
53
27
88
39
79
84
30
23
4
29
77
31
27
18
3
41
1
21
26
33
72
58
67
22
64
63
46
86
37
97
91
17
95
23
30
10
31
63
34
63
25
36
13
43
34
87
46
82
40
22
65
62
72
73
2
13
22
49
88
3
4
87
92
42
42
9
51
6
83
66
68
51
27
81
68
0
53
11
44
46
20
4
52
22
5
0
21
56
94
99
0
95
10
26
17
36
77
7
56
39
42
8
92
55
17
69
99
54
44
2
82
72
32
36
11
36
54
99
68
45
43
17
45
6
31
13
41
93
37
80
16
53
83
58
28
0
29
91
67
3
3
59
57
27
25
2
94
8
70
62
39
17
8
2
45
50
38
40
18
37
42
55
66
52
4
26
35
1
29
30
32
14
33
47
28
3
7
63
31
78
85
58
90
8
22
37
1
78
34
1
89
61
11
23
20
45
1
4
91
3
82
21
40
84
85
1
24
46
63
16
37
0
77
68
7
93
96
52
89
81
47
79
33
99
52
66
56
52
93
17
76
63
66
43
52
57
33
27
29
50
79
52
18
27
57
22
39
63
13
56
94
70
11
47
92
89
95
8
86
85
58
59
38
79
84
93
37
58
5
54
9
80
66
20
13
34
13
39
62
65
91
96
62
50
30
14
63
56
22
79
49
39
40
93
88
7
24
57
33
19
10
73
41
9
68
71
11
52
48
88
67
79
10
88
31
5
63
90
17
77
84
49
56
54
95
21
75
82
89
88
93
65
63
35
98
99
22
92
22
38
72
72
82
56
44
83
33
57
79
2
13
78
10
29
86
98
60
54
82
53
55
78
50
64
33
40
90
15
99
21
0
45
93
1
34
98
94
13
75
77
59
71
37
38
38
48
71
86
50
26
19
47
66
57
85
59
69
13
46
79
60
28
67
69
5
67
50
52
18
35
85
35
76
55
92
85
36
85
1
13
57
57
36
16
2
17
6
81
14
78
35
33
82
61
40
45
79
31
10
15
40
53
85
18
89
40
38
39
55
23
71
92
69
65
94
78
10
41
84
3
79
8
43
8
77
15
88
52
84
30
3
54
42
5
17
18
91
78
13
46
51
30
50
40
91
73
16
75
72
37
72
13
54
36
77
33
52
42
93
87
97
89
10
36
70
40
33
72
23
0
57
5
6
30
53
7
46
95
26
10
77
74
60
83
78
44
41
98
40
74
51
8
93
67
88
22
77
50
70
69
45
42
90
53
87
13
45
80
68
22
56
95
70
53
35
72
12
68
96
29
92
61
6
45
3
61
2
65
60
66
70
68
7
38
8
61
9
29
67
70
6
81
3
92
32
94
72
91
25
92
82
75
18
79
68
11
48
99
88
6
94
59
35
30
99
79
51
71
75
77
42
37
42
78
63
46
99
98
47
37
32
16
84
41
59
88
99
58
41
3
35
73
16
61
65
13
80
6
90
36
15
40
79
94
46
32
64
80
73
22
68
55
35
33
60
36
53
51
15
83
25
84
14
15
18
79
39
54
82
78
17
62
56
38
36
20
92
86
25
84
52
7
99
7
14
16
71
62
11
7
37
67
15
13
49
87
1
46
35
3
11
20
58
84
7
6
19
92
66
4
39
27
72
49
84
66
70
79
89
70
15
31
97
90
71
58
90
61
13
30
19
5
10
51
77
41
75
13
99
45
42
30
45
22
39
84
37
87
18
55
47
18
11
3
19
6
48
69
36
81
5
80
26
90
85
99
15
74
90
97
80
4
38
40
71
12
23
65
17
84
9
44
20
41
93
90
49
62
32
21
46
90
81
79
37
84
43
98
19
3
16
88
34
92
41
61
24
50
19
7
65
73
7
31
81
69
26
64
62
2
89
44
5
10
63
1
34
24
62
44
70
4
92
91
89
74
99
71
71
1
35
49
41
53
15
15
54
2
34
96
9
95
6
11
85
57
58
67
28
99
83
83
95
80
42
95
42
1
32
51
38
98
46
19
80
89
81
77
43
98
54
12
44
17
90
44
5
81
6
73
45
38
47
32
15
17
67
21
59
51
72
84
10
66
39
50
38
20
59
43
73
68
39
47
53
83
38
27
18
6
40
20
94
0
34
55
4
56
12
4
23
69
51
30
36
11
15
57
44
9
92
25
79
10
55
26
25
7
23
23
73
62
88
98
42
12
44
29
46
80
79
51
54
1
10
60
76
69
58
21
87
81
73
99
34
14
53
49
21
98
19
76
27
64
57
14
20
71
31
15
8
98
68
93
45
28
82
79
63
62
22
97
40
94
59
70
56
60
84
5
98
64
99
42
84
31
67
28
4
0
68
94
10
93
80
61
19
54
88
61
94
43
50
13
78
36
70
14
20
17
52
62
56
48
74
36
36
34
6
70
81
23
10
68
91
26
0
61
61
93
14
28
1
30
33
60
46
60
91
49
69
29
30
41
96
34
47
50
68
23
95
29
82
46
73
93
40
44
97
66
60
27
37
45
89
21
73
86
69
21
55
91
11
54
60
16
40
33
32
46
59
52
58
14
43
21
27
60
78
47
42
78
19
81
62
66
39
78
48
10
62
67
75
66
86
97
27
94
19
62
0
5
30
17
39
10
37
35
30
16
85
11
97
42
12
22
10
57
59
77
2
40
24
67
59
73
85
79
24
26
64
5
26
21
66
26
38
53
93
29
92
21
93
5
93
93
95
73
10
50
12
60
38
32
17
63
32
43
40
6
47
92
39
38
48
92
35
59
23
12
32
66
47
70
61
5
84
99
25
64
22
45
73
39
9
72
30
1
20
78
77
12
57
57
40
53
39
33
38
86
42
63
15
2
75
44
2
98
3
92
89
8
75
46
98
19
4
36
93
94
31
31
1
83
43
21
75
85
5
89
1
80
91
18
25
14
51
42
6
34
0
25
55
72
36
74
18
24
48
69
77
90
85
25
93
31
11
56
26
87
64
90
1
47
31
17
71
49
20
92
52
63
79
78
5
91
80
84
62
64
87
46
22
4
64
61
62
41
45
90
14
17
90
47
5
30
85
68
86
33
35
45
75
55
57
13
57
28
47
9
82
60
0
0
39
12
28
27
35
59
58
4
53
34
47
90
54
40
73
60
55
95
79
22
48
20
78
42
8
31
38
92
83
18
66
52
70
23
72
82
78
41
54
54
55
61
97
77
97
67
60
59
55
26
94
15
64
69
48
28
53
73
86
0
37
82
0
72
94
11
39
48
13
26
49
34
50
36
55
45
65
35
26
5
21
86
55
90
72
81
44
49
1
32
40
27
30
63
96
61
18
38
28
34
48
10
16
22
77
32
24
31
51
11
50
18
20
64
91
95
44
87
58
75
17
70
15
59
82
38
23
77
48
3
17
92
78
24
29
70
58
36
56
94
41
75
70
54
94
57
85
72
36
6
0
42
24
82
60
59
11
52
20
43
92
30
45
32
39
53
21
70
22
0
20
53
5
3
94
6
30
72
95
56
64
36
21
37
19
95
98
43
94
6
6
51
50
93
4
91
91
54
12
43
59
21
49
72
42
19
75
84
88
8
99
39
31
41
71
94
34
92
39
15
65
66
25
79
59
17
15
46
70
55
66
92
79
93
10
2
80
38
29
26
89
36
76
78
36
9
37
50
94
97
64
70
54
79
37
40
17
77
34
91
81
71
92
50
15
80
63
80
33
93
6
85
33
56
73
3
81
32
0
82
33
67
58
79
42
40
86
71
62
7
48
55
76
65
99
58
17
59
87
64
75
14
22
5
83
56
23
77
59
70
81
14
9
74
5
48
25
56
57
49
62
64
80
71
93
86
36
94
54
19
55
88
15
61
66
94
94
82
99
92
22
75
10
88
24
92
74
70
41
53
95
47
96
67
18
73
43
91
60
90
98
44
12
51
78
3
14
73
4
15
27
57
44
46
93
44
48
73
51
67
90
84
44
13
59
51
83
95
24
81
29
14
97
79
46
72
7
84
13
72
66
95
58
61
52
87
71
56
42
14
2
53
10
18
29
72
17
89
55
83
37
65
50
97
35
59
43
37
57
86
42
85
66
26
57
49
55
59
35
23
46
57
2
88
98
49
34
32
93
75
26
36
64
5
87
22
15
78
66
63
42
53
52
54
84
39
27
78
49
2
83
84
80
49
99
49
20
15
4
34
69
88
99
34
57
33
38
72
3
22
6
4
44
40
21
71
32
13
1
29
52
57
30
50
24
64
89
13
47
75
54
97
50
56
27
47
81
60
47
4
77
57
36
75
69
23
93
56
88
80
8
47
60
29
44
16
73
45
45
66
68
16
78
2
38
44
14
0
40
27
71
75
0
57
37
19
6
28
29
41
49
40
88
74
90
35
14
36
70
25
17
83
8
70
45
63
44
19
26
24
14
95
72
46
25
67
31
72
33
33
10
59
62
70
16
55
77
83
50
47
31
87
73
67
58
25
83
48
79
9
25
38
22
35
12
18
22
43
36
58
68
22
44
39
8
94
76
54
70
30
92
92
49
45
30
94
84
72
15
25
24
57
38
10
12
84
2
70
58
24
21
95
49
29
1
68
42
49
24
41
28
51
10
35
0
57
96
85
13
59
24
34
77
19
73
66
36
56
36
24
79
76
3
70
50
42
76
10
15
40
57
3
41
98
28
57
16
29
33
29
76
22
8
38
65
63
84
60
89
64
70
13
70
93
7
43
24
89
58
56
5
78
0
91
28
55
95
17
25
23
93
26
98
91
27
90
37
78
64
73
99
31
48
91
17
9
58
88
37
57
80
22
72
20
83
58
44
76
64
79
37
5
49
48
79
15
16
71
66
5
58
61
6
66
41
51
10
66
71
46
97
92
65
16
17
24
3
80
66
38
77
80
58
44
56
50
2
34
74
49
85
23
29
12
10
33
62
42
74
8
44
94
8
58
34
97
6
54
13
7
23
85
56
46
30
45
20
31
63
70
93
65
38
34
77
7
32
11
6
16
88
51
33
31
92
61
39
10
19
94
87
80
36
6
31
1
95
87
58
87
18
39
32
47
6
71
25
39
19
27
18
13
14
43
39
39
90
99
97
17
53
98
44
19
44
97
82
18
47
61
63
82
68
94
46
13
91
4
84
18
41
92
99
87
36
93
47
49
18
32
14
66
90
95
2
31
15
40
25
82
82
8
2
39
8
33
81
59
76
62
96
81
86
84
54
11
40
29
64
0
92
76
90
6
52
31
2
58
92
23
73
61
38
17
33
42
16
89
56
8
47
59
96
98
22
3
3
47
3
29
93
17
16
99
88
26
68
75
43
89
87
71
79
59
32
80
13
14
61
62
12
39
60
16
28
46
74
96
18
94
94
96
28
50
62
91
46
14
3
21
15
99
56
9
99
52
75
8
96
16
30
29
95
53
36
76
77
50
48
81
47
36
51
57
66
73
10
91
11
27
34
2
76
71
32
18
89
92
5
93
20
50
81
72
35
79
72
84
12
22
17
61
82
65
9
82
50
48
4
50
7
3
39
97
49
50
62
52
30
0
33
72
42
85
72
92
65
25
88
79
66
48
58
88
66
52
30
26
4
2
87
46
39
76
12
19
70
92
67
34
85
38
1
65
64
55
7
34
75
29
51
39
95
48
6
63
23
87
87
35
16
24
41
0
23
55
93
13
88
4
90
99
78
37
37
74
89
24
29
28
57
19
47
85
71
28
20
45
49
49
80
67
29
31
45
18
94
89
14
73
76
8
46
61
4
2
88
57
44
44
49
92
12
26
52
55
12
31
77
80
20
81
42
56
34
59
14
96
12
51
89
72
53
60
6
34
72
38
72
36
64
94
28
63
95
91
58
92
58
55
25
0
90
65
56
33
42
47
68
37
38
64
93
92
12
84
95
50
35
15
10
24
28
54
98
16
80
79
62
82
66
40
27
81
17
63
98
87
39
32
6
81
37
60
31
0
72
13
62
7
96
36
28
61
75
25
11
52
82
16
86
63
18
65
69
62
45
16
46
96
47
35
93
88
81
42
98
2
84
6
55
23
23
25
1
90
39
25
0
75
32
54
17
93
83
50
84
16
27
78
92
34
71
77
10
49
7
79
21
86
20
96
32
34
47
73
71
72
30
88
63
56
62
5
46
91
93
48
75
16
55
41
10
56
36
29
76
34
33
80
52
16
87
3
83
70
88
20
10
92
42
9
87
78
41
4
73
96
57
95
14
26
44
51
10
79
56
0
15
74
98
96
54
81
57
39
27
58
9
71
50
55
26
73
17
89
73
4
4
58
75
51
61
82
0
62
50
0
55
92
72
7
69
63
79
36
29
48
88
81
27
79
72
94
99
16
