#random_numbers
60
74
93
47
5
83
41
99
6
41
19
55
95
29
99
38
69
36
99
29
31
84
7
37
37
49
17
79
73
36
78
31
27
71
76
46
71
96
81
43
18
61
15
22
73
70
31
33
16
8
31
78
35
98
17
54
79
77
69
92
42
40
63
60
16
62
21
87
24
55
93
70
20
5
34
78
37
26
27
14
63
29
43
94
17
25
13
98
57
3
63
25
31
42
33
20
57
73
59
29
72
56
98
19
20
55
17
9
6
45
40
17
21
94
51
7
29
68
86
20
20
96
71
22
65
19
1
91
28
70
4
0
38
3
49
7
74
92
6
11
27
30
58
34
21
98
4
73
47
58
21
12
12
50
31
3
29
74
3
40
97
80
82
30
32
91
62
28
19
24
95
63
60
17
42
64
96
45
46
24
6
51
55
21
63
67
30
0
83
67
35
52
59
71
64
97
2
76
79
46
52
59
92
60
88
47
82
35
79
60
86
38
84
96
49
75
21
4
25
98
81
61
55
97
25
64
7
86
80
67
75
29
33
60
85
85
27
32
68
84
47
89
66
94
17
81
92
82
52
92
54
49
61
54
54
28
1
18
84
96
51
92
37
71
32
96
78
73
50
91
58
10
89
61
81
12
6
79
74
6
39
98
31
85
49
63
5
14
67
1
82
48
40
87
62
43
32
59
96
51
87
18
16
11
24
24
38
98
93
70
15
13
92
92
45
83
17
27
94
98
32
20
72
53
61
71
39
16
24
99
80
35
90
66
34
74
0
80
94
5
50
87
6
15
43
44
6
88
39
56
49
73
76
94
8
58
33
80
87
85
76
98
27
25
31
19
9
51
47
7
18
71
87
28
55
47
19
25
86
96
51
92
80
14
15
75
85
62
60
43
87
75
97
17
8
86
30
45
13
3
12
19
62
39
55
0
9
20
51
24
15
74
86
85
49
66
12
41
57
57
72
48
84
96
20
61
16
88
49
84
21
38
58
77
48
91
86
23
12
65
34
38
38
42
29
67
14
32
43
37
48
57
82
41
18
78
51
0
58
45
36
80
63
21
34
25
1
95
40
49
25
29
36
70
7
96
14
62
25
39
41
42
5
47
43
95
72
87
36
94
37
7
11
32
60
59
27
39
92
66
88
10
30
12
69
15
11
16
26
70
42
35
83
87
21
11
12
72
74
90
70
85
19
98
53
8
44
23
87
45
48
8
67
87
53
26
68
81
59
98
65
61
41
26
94
68
77
88
17
31
92
40
60
93
83
3
61
74
3
6
7
76
99
18
20
29
65
81
97
18
48
14
26
53
62
38
28
51
13
6
18
37
77
53
13
53
85
28
75
78
71
53
99
3
95
68
45
7
16
86
7
57
52
38
78
23
76
36
5
32
39
23
0
52
29
91
1
99
54
31
99
62
67
1
99
32
88
20
58
38
39
12
58
45
98
80
98
74
39
52
21
33
77
94
9
96
60
18
62
37
25
30
16
15
7
39
3
35
64
80
95
90
57
44
45
92
83
53
6
63
46
23
14
25
29
65
49
57
43
67
75
11
56
10
35
85
48
98
79
85
96
43
22
9
12
59
58
59
62
9
44
29
45
70
75
75
83
22
83
72
69
56
7
68
51
43
28
74
55
33
54
47
71
42
88
25
97
41
54
99
16
57
62
77
21
68
77
17
58
64
36
35
28
14
48
60
37
18
30
43
66
86
11
60
71
32
46
18
91
25
12
91
78
98
7
89
63
94
40
26
9
9
45
2
39
89
24
88
90
31
80
13
62
23
43
61
48
63
6
60
38
97
85
46
90
8
49
28
93
37
41
63
63
58
96
91
28
93
86
35
72
5
67
37
95
87
38
42
76
60
96
0
98
16
64
88
88
45
48
25
91
65
55
62
61
9
6
39
89
72
64
5
85
2
78
58
99
60
72
29
57
44
29
50
5
98
86
58
3
88
54
19
34
26
7
63
83
56
31
26
87
80
66
8
87
57
90
34
58
31
96
22
33
39
46
83
25
8
19
89
75
45
35
95
63
25
0
15
1
38
2
28
70
22
95
18
9
96
52
78
78
75
80
66
37
32
1
96
45
52
83
77
56
38
15
24
16
57
68
91
9
59
93
71
46
73
34
92
77
37
85
40
37
95
30
10
15
78
65
15
85
51
31
78
10
2
31
70
49
13
11
36
12
76
8
48
40
7
51
47
64
98
38
62
35
14
94
80
57
77
64
38
90
72
29
20
95
53
89
56
25
43
37
1
12
84
7
70
92
25
53
89
27
70
90
31
37
63
34
76
6
68
24
81
22
0
63
58
92
68
12
64
6
33
82
48
39
74
38
70
74
76
90
74
39
33
37
28
28
15
32
25
11
15
10
53
5
84
59
98
37
28
42
66
9
68
44
35
14
28
34
58
67
14
64
7
17
88
56
82
73
99
58
8
40
42
98
29
0
10
41
58
27
19
84
38
85
45
64
45
15
3
35
14
58
73
12
59
23
25
91
1
54
11
34
7
72
40
23
72
52
17
82
4
82
74
29
69
71
19
25
64
90
59
62
96
24
18
29
4
21
55
48
64
2
81
79
46
10
9
99
18
85
35
1
46
19
49
58
20
55
44
80
21
10
91
79
13
32
66
61
50
5
96
21
66
94
0
71
51
60
1
93
1
21
83
51
24
54
4
2
13
52
53
92
25
73
35
94
72
62
52
84
92
53
57
95
72
59
93
51
95
56
4
43
51
74
58
18
95
82
19
59
23
71
42
81
56
51
52
50
75
89
70
89
89
58
95
20
94
33
30
9
47
99
29
48
44
13
65
80
45
12
1
95
27
53
55
81
53
15
27
76
9
71
71
5
7
76
55
15
73
67
59
14
5
3
65
99
58
73
29
43
38
18
83
79
25
93
64
94
87
17
69
11
13
23
38
92
24
22
83
35
42
82
75
84
68
36
29
56
17
51
24
33
40
94
12
25
51
83
51
85
42
53
47
35
45
3
41
43
90
90
3
97
4
7
18
84
94
7
63
93
86
60
27
20
18
5
98
11
82
51
28
21
21
48
72
75
19
23
32
98
88
50
28
21
12
41
88
16
11
34
49
20
79
49
51
33
45
34
17
53
35
75
93
17
3
33
67
46
95
13
97
14
56
79
91
8
49
6
85
23
67
49
38
51
97
34
23
20
2
21
90
43
82
71
90
92
26
83
86
56
7
52
90
13
52
68
49
94
76
2
10
23
20
40
66
58
72
84
0
54
30
12
67
89
26
88
12
44
98
39
80
23
21
80
84
36
60
42
27
47
67
94
66
56
63
47
70
4
68
88
30
27
66
76
38
8
57
55
73
46
78
72
5
4
43
49
95
52
77
29
66
51
38
91
88
98
67
46
63
82
67
97
26
42
34
51
45
72
90
18
12
89
44
36
26
85
4
17
34
81
93
52
38
84
83
7
67
65
19
53
23
95
30
37
61
99
60
0
83
66
87
26
81
63
71
99
29
65
24
82
93
80
61
14
5
34
25
7
28
81
33
15
16
9
51
8
52
61
57
55
67
90
41
31
18
58
57
47
16
71
20
22
65
54
4
40
25
99
63
42
40
18
94
79
4
8
46
7
30
72
56
47
37
81
87
62
85
45
92
11
43
13
44
56
15
58
77
6
84
65
6
95
10
31
78
98
96
35
97
73
50
27
64
43
18
41
14
50
69
27
11
46
78
14
18
52
24
34
85
39
5
68
27
36
66
37
99
29
57
57
4
41
68
65
42
34
99
29
37
29
21
40
69
59
69
95
96
48
15
23
39
25
57
1
70
89
84
62
46
39
13
1
61
99
66
81
19
94
65
18
69
19
31
61
58
54
82
49
12
84
81
35
19
45
36
65
7
91
85
78
14
68
39
87
3
30
58
79
44
26
81
17
77
48
43
73
96
8
85
73
70
51
11
98
27
30
0
64
30
78
61
88
74
40
85
98
47
19
3
52
36
81
41
75
61
56
44
96
58
35
97
38
55
30
83
54
31
19
53
26
0
48
75
50
30
13
28
57
39
86
72
30
76
99
54
12
66
87
60
56
89
32
68
6
90
23
10
41
17
27
6
51
92
89
20
64
95
0
8
5
12
97
68
6
29
55
50
52
36
54
82
84
63
46
41
64
3
95
20
95
36
7
76
44
16
59
10
45
55
67
99
9
92
0
62
65
44
30
15
12
95
98
36
47
68
33
31
89
93
84
18
86
13
57
16
29
56
54
98
8
44
76
68
1
29
7
63
23
83
55
10
51
8
67
86
58
0
4
75
82
47
60
12
65
27
38
75
78
46
10
34
17
27
0
60
22
23
5
79
43
18
76
29
60
32
37
6
9
66
92
23
17
40
75
8
61
92
36
60
53
88
74
2
79
39
39
78
59
88
94
19
19
97
90
18
18
19
31
54
78
29
12
55
44
76
1
34
34
64
26
98
39
60
98
84
33
98
19
50
13
98
58
17
57
3
61
34
53
79
49
27
1
24
19
68
9
32
97
93
3
92
40
87
38
52
11
18
39
44
81
45
72
31
71
64
70
73
35
20
81
50
77
86
10
13
34
11
92
0
75
3
61
8
48
6
60
64
23
39
95
82
80
77
76
65
79
87
54
33
31
14
11
83
59
36
16
72
79
42
47
85
36
45
53
66
6
64
50
30
40
97
72
31
59
53
32
46
35
8
7
30
69
65
57
54
26
0
89
99
15
66
91
6
88
30
54
58
71
9
32
74
84
58
28
75
50
45
64
6
89
25
48
68
0
65
90
91
35
33
33
11
84
76
89
86
83
88
7
19
45
64
78
50
91
93
21
7
68
88
4
81
12
51
47
25
87
64
53
12
57
45
76
55
57
42
34
98
31
46
22
93
58
15
4
1
35
26
77
18
66
57
27
33
65
17
60
54
79
35
13
78
68
46
28
71
64
4
6
41
90
30
54
17
65
14
43
50
10
80
22
25
52
65
99
60
18
96
93
9
3
25
93
7
46
48
18
41
62
22
82
67
45
2
99
7
47
89
22
19
32
17
48
65
74
73
34
90
46
9
81
49
38
67
82
10
27
6
5
39
98
62
82
77
44
85
68
53
8
9
44
66
70
2
71
26
69
70
65
55
5
63
57
35
4
93
96
21
33
75
2
80
29
64
48
51
12
25
35
95
99
10
27
75
31
4
98
64
57
52
79
97
47
53
10
16
38
83
22
74
4
71
67
33
65
76
31
68
13
59
34
65
89
98
10
66
52
83
7
26
91
89
43
74
44
71
9
8
37
50
63
11
59
55
32
82
12
30
65
35
93
39
85
9
51
23
95
87
55
26
9
40
99
67
39
20
48
82
76
54
16
41
57
98
70
6
59
48
6
77
49
50
89
12
6
21
95
89
7
48
89
21
50
47
60
98
58
2
13
61
98
28
94
20
26
25
9
65
68
84
8
51
43
46
62
64
60
25
54
8
63
61
65
72
5
2
20
45
33
18
95
92
37
90
41
42
12
93
89
42
40
27
11
14
35
83
46
29
53
46
0
45
79
32
24
81
44
6
13
30
50
21
28
75
0
83
99
46
80
3
6
31
98
63
91
11
68
79
16
44
22
11
41
79
86
84
45
53
4
40
96
77
45
80
45
2
33
39
15
13
59
11
63
60
76
5
90
74
87
77
82
26
97
84
73
46
29
37
99
30
59
32
39
65
95
88
94
77
12
22
5
89
1
38
92
83
2
14
7
85
63
66
79
91
16
47
53
5
11
94
89
72
16
43
49
51
64
54
20
33
42
82
25
99
49
0
11
67
29
32
30
3
36
58
94
69
47
66
36
10
26
18
75
28
9
62
80
18
94
37
6
42
8
68
32
95
86
6
3
6
55
57
56
2
87
93
91
7
64
49
90
61
75
70
25
24
60
52
96
97
6
92
10
28
25
0
19
99
9
63
16
49
96
6
51
6
33
99
4
18
53
50
74
11
76
1
10
22
31
8
62
17
43
62
81
72
94
47
9
47
74
15
53
50
8
85
81
57
78
92
45
70
44
1
81
73
60
55
44
92
84
38
67
86
50
5
13
45
79
85
13
28
92
88
11
96
98
85
41
92
82
20
42
73
78
46
45
6
95
66
40
94
33
4
59
14
80
21
26
81
46
10
29
17
36
71
5
68
55
98
51
5
14
87
60
27
2
23
29
7
64
96
3
91
20
60
90
77
81
86
63
71
60
44
58
16
47
41
25
8
51
49
26
76
17
49
13
99
54
23
56
92
95
62
55
67
76
84
9
50
37
65
33
53
56
40
33
61
91
36
74
15
18
48
55
18
78
38
40
54
8
79
26
91
83
32
32
11
22
51
13
51
22
46
43
9
12
28
44
13
99
80
55
54
28
26
8
65
34
31
19
13
80
90
27
5
70
60
98
68
81
73
47
7
33
57
85
14
8
41
67
79
21
81
9
65
14
97
15
80
19
90
34
76
69
90
65
20
55
94
44
96
39
18
84
97
38
19
65
7
21
69
3
47
72
72
15
32
72
28
50
98
3
41
95
56
52
60
54
32
0
39
37
96
86
12
37
49
64
28
57
69
22
52
8
93
74
4
78
30
20
69
79
88
80
77
79
22
77
98
78
60
15
99
53
42
50
66
94
9
81
7
22
55
37
57
12
67
49
11
48
75
24
14
97
61
30
79
63
16
34
3
77
53
36
53
76
65
17
14
6
7
28
21
28
99
63
22
62
49
51
97
63
20
97
50
6
29
38
4
63
47
96
20
96
42
78
46
89
55
81
5
39
3
7
44
35
53
11
14
48
11
99
38
2
42
79
65
16
2
13
26
64
21
84
95
68
75
77
21
85
55
7
62
67
32
86
25
85
3
41
61
88
19
88
58
61
82
8
73
30
9
33
98
36
25
5
79
40
68
17
27
13
38
75
29
12
12
37
12
20
81
23
19
20
10
81
60
21
10
95
47
66
22
54
66
7
22
99
67
93
27
39
67
59
59
20
16
74
40
76
88
70
81
26
61
29
27
3
5
31
63
93
58
19
74
76
13
37
98
86
85
97
74
37
63
1
61
67
55
88
72
13
6
23
6
89
