#random_numbers
33
5
42
72
30
16
99
68
79
29
82
48
57
2
16
33
78
37
69
11
93
62
15
61
6
64
77
78
13
73
86
55
68
29
70
18
98
61
67
19
23
52
26
89
92
74
32
53
49
71
53
18
96
59
63
27
5
63
27
42
65
91
14
85
23
15
46
82
25
58
71
26
86
35
71
26
37
2
48
20
66
2
20
77
94
87
78
24
34
30
18
90
46
34
83
23
51
26
61
94
71
30
49
61
34
0
91
90
58
99
52
49
72
85
8
60
28
4
81
80
21
85
62
13
30
37
96
75
56
45
53
21
30
79
37
35
27
40
94
85
45
1
97
10
94
15
44
33
39
53
94
38
76
99
83
0
31
97
76
65
65
58
63
24
88
86
74
47
38
92
68
18
91
57
69
22
50
18
69
11
4
37
76
84
42
30
38
64
12
26
59
27
13
43
61
1
70
72
55
72
63
10
35
71
84
10
0
80
47
75
52
42
45
51
82
27
88
32
24
8
18
84
31
43
78
80
88
94
64
14
59
8
99
36
23
53
79
28
22
82
92
38
85
53
42
9
89
92
90
25
55
49
75
73
57
50
52
66
85
42
18
28
15
55
33
13
21
59
88
72
48
86
88
33
46
27
20
44
52
44
86
19
38
78
14
37
60
34
64
37
26
29
64
10
33
35
0
75
81
34
98
30
36
83
87
16
69
27
69
56
89
66
95
3
79
59
66
2
39
15
46
10
43
49
81
0
28
69
70
30
32
25
55
55
40
79
51
19
11
40
65
96
63
49
46
12
3
14
45
60
11
66
0
20
89
67
82
77
90
63
69
50
49
91
33
16
63
62
13
21
8
95
28
83
21
30
21
6
2
64
61
31
73
43
35
95
42
36
62
52
68
55
51
91
43
45
59
85
57
94
21
62
97
58
50
91
83
21
60
48
59
81
16
96
66
32
88
99
1
14
38
19
45
72
53
63
25
50
79
93
32
42
65
59
23
17
12
82
90
59
18
40
9
36
86
55
5
27
86
41
93
91
54
34
53
67
10
24
84
38
69
57
41
14
68
73
97
80
99
33
96
26
32
0
85
45
69
11
65
58
67
88
18
96
45
72
29
7
15
32
32
93
84
19
1
53
7
5
17
21
24
70
96
75
60
45
28
67
30
71
48
7
96
67
85
65
49
50
97
0
68
3
42
55
94
21
67
72
17
29
15
59
43
21
27
66
87
1
26
23
75
85
36
23
56
27
22
14
58
6
26
74
4
70
45
26
48
31
0
56
58
62
64
40
15
21
56
63
87
18
1
68
41
72
93
40
4
58
43
59
74
96
50
59
81
64
75
31
36
79
29
27
53
78
87
20
78
31
53
43
94
29
80
38
13
48
75
99
55
35
21
37
36
29
21
15
49
59
57
52
63
25
15
35
5
20
57
23
86
72
77
92
55
19
42
75
19
58
77
6
45
9
80
22
48
7
41
33
40
23
23
47
28
49
16
53
42
78
3
95
96
55
44
66
91
31
5
35
37
51
36
29
40
86
21
2
67
6
37
70
26
24
29
82
11
45
17
50
17
2
3
15
14
79
40
97
96
28
17
66
79
65
86
67
33
31
28
1
47
24
55
37
9
79
60
98
98
63
18
78
41
14
62
25
90
6
94
68
41
59
31
58
0
57
93
43
53
77
47
91
63
14
25
53
7
74
66
54
39
16
58
35
42
85
37
14
56
20
94
0
24
17
68
42
3
90
59
23
89
22
46
59
44
91
96
21
71
48
51
98
41
28
58
32
75
29
26
32
1
61
11
12
4
80
62
76
31
23
93
90
77
58
47
42
46
46
89
72
16
2
